220
793
873
357
883
333
24
795
909
887
55
349
625
497
261
887
300
718
254
844
639
264
243
618
275
920
514
119
780
11
635
1000
155
859
708
389
191
731
183
451
970
589
151
946
437
412
184
736
481
790
580
119
405
174
736
679
94
601
149
873
963
783
224
117
641
932
857
183
14
39
985
335
979
136
281
415
547
816
503
27
605
434
497
9
607
584
39
52
184
188
925
146
322
500
614
963
431
470
497
797
860
482
131
838
617
763
604
515
579
458
541
535
891
389
896
850
972
934
901
507
473
177
4
795
677
617
109
107
438
605
255
649
86
386
486
54
148
441
568
726
899
460
261
141
848
156
990
171
441
891
677
914
67
32
60
95
648
168
554
437
772
808
85
210
193
922
263
341
715
183
418
613
994
30
105
194
185
95
364
978
337
393
243
755
424
302
850
424
469
403
860
240
210
297
801
755
218
416
95
932
598
864
896
591
894
1
784
430
447
500
407
783
892
649
889
667
302
738
442
770
492
302
362
54
950
162
808
167
577
254
451
526
117
346
469
10
698
252
440
144
103
198
278
346
199
167
13
500
256
454
622
100
107
983
153
56
496
312
575
425
565
25
950
33
722
770
395
420
374
834
915
476
383
193
822
581
711
186
433
318
991
54
417
98
388
921
505
883
232
79
307
148
455
609
181
177
378
575
596
103
760
862
579
494
54
752
427
116
937
859
786
927
264
554
376
651
827
881
533
58
311
192
558
766
152
90
942
881
16
889
984
775
750
562
620
156
313
46
623
601
256
408
527
519
314
255
169
140
135
54
549
797
597
106
562
748
195
855
980
210
743
963
336
845
876
308
1000
540
705
622
140
961
382
19
831
47
273
352
186
759
405
86
907
353
544
469
452
738
675
431
300
770
746
987
614
621
294
613
513
999
586
652
311
319
22
141
365
646
492
902
404
248
988
311
600
531
131
51
620
805
834
271
574
579
610
539
551
255
151
415
605
89
419
915
407
440
408
124
86
899
25
841
499
364
503
98
246
633
501
218
790
686
840
715
616
449
254
166
704
756
581
308
196
351
575
955
790
982
78
227
232
454
68
730
170
570
180
415
555
32
984
696
717
824
410
684
624
15
201
327
123
781
987
318
483
913
272
273
894
349
499
477
155
918
207
324
840
738
738
394
121
74
89
189
897
850
872
520
217
72
199
339
205
537
656
687
449
280
959
694
628
810
170
134
79
728
457
918
465
547
663
937
620
751
125
516
953
996
387
169
68
937
507
272
473
514
958
921
793
269
614
773
78
136
906
156
863
363
426
680
909
88
616
880
191
93
747
143
88
133
663
155
70
169
426
542
34
736
815
827
4
780
951
433
915
856
940
130
570
365
161
830
805
128
709
995
220
455
137
308
940
151
814
361
671
592
902
704
327
68
882
682
848
832
466
114
40
405
595
961
122
755
791
926
235
851
272
806
658
408
465
597
558
279
957
228
870
210
283
548
278
165
581
477
348
46
590
387
802
537
348
275
291
490
552
877
340
823
683
349
230
147
945
139
425
253
718
646
815
353
545
92
517
477
920
864
522
861
603
676
397
302
950
40
791
502
916
482
324
598
831
906
97
127
396
873
380
466
519
194
170
415
637
686
892
908
901
765
768
855
440
165
156
742
556
946
595
471
428
270
421
610
527
517
736
275
389
467
740
259
12
909
26
1000
946
917
907
198
681
675
53
473
191
560
566
746
506
160
568
285
429
988
246
308
856
981
582
597
448
673
855
811
933
880
811
878
148
717
427
181
743
831
653
933
391
570
30
248
729
950
884
509
289
129
816
145
109
397
741
908
421
947
719
353
179
529
582
326
597
9
506
340
191
510
624
933
79
6
180
159
955
415
668
243
543
835
387
4
584
479
911
4
778
981
357
956
509
938
281
106
298
139
797
841
648
420
773
727
425
305
885
379
719
904
974
262
739
712
265
674
191
527
677
968
508
385
275
368
675
555
825
324
693
621
164
693
41
937
771
817
241
7
548
311
911
521
572
1
232
188
674
774
715
702
93
222
439
367
589
113
274
766
436
318
386
600
10
778
888
780
595
480
787
142
790
49
14
714
401
597
901
426
723
615
127
167
188
917
534
777
29
159
542
817
476
279
416
838
57
655
969
3
486
107
496
275
507
509
340
907
105
241
332
179
207
811
346
395
727
231
523
108
389
64
924
216
694
691
405
750
345
374
752
182
480
247
808
339
107
148
245
564
388
929
742
594
91
87
340
817
317
862
276
57
277
199
273
971
889
677
