787
926
6
411
8609
1455
8588
4908
8476
7142
3799
1782
9268
256
8769
2188
5756
5142
2921
5905
4764
2420
8182
8822
3414
7645
7253
9923
8921
1699
5181
6060
8976
5187
6470
3937
6641
1409
8844
1468
4903
8995
3249
522
9250
8369
2709
5006
3511
1981
7262
8274
4400
5443
3447
4165
9440
700
4088
4712
8750
9268
771
4077
806
3592
8013
7446
1353
3209
5265
6255
2203
8514
6776
1452
3234
9484
2809
6744
1464
70
1370
2215
1865
4816
6379
1304
1867
6818
2367
616
2438
9490
4693
3243
3081
9057
7041
4433
2265
2305
7039
4467
7170
3814
2271
404
9649
5079
7147
7464
1501
8516
6030
3365
3332
8761
1020
5198
5578
3386
2166
4367
2875
3210
7610
2308
2266
1002
3092
883
3306
131
5349
476
296
3971
879
9945
5402
4377
7408
6902
9245
9790
6618
8928
8550
3989
4125
4127
3726
2642
4846
6601
5851
2455
5260
4469
3456
4703
5351
3113
1185
7051
9940
1481
1022
7170
7777
2775
1547
1536
6028
7143
1325
2645
6070
9874
2985
6546
353
6710
9188
5198
9662
1390
4004
4921
5858
3811
5976
7560
6923
7160
963
6863
4992
8336
384
2768
1110
1930
656
7137
9072
1980
6133
1493
1854
9117
8039
8558
5826
7226
3755
1840
8615
4110
3112
825
7920
9087
4736
1194
2599
5698
4408
7590
4033
4792
6710
1494
3073
7365
8630
8497
5696
1114
9989
3901
230
8027
2458
2408
1604
2564
4247
219
6673
7358
7395
944
2797
2130
2138
5395
4180
6545
9336
8212
7688
2397
6058
761
6113
4687
5609
1809
2153
5597
2061
2382
3624
871
1141
1579
3434
1739
1797
6459
5449
5543
7402
8245
4025
5891
9991
8204
8788
5678
2767
6475
8075
8824
3587
539
9863
9195
2347
2015
4792
760
748
4767
1630
1889
6345
5063
9979
4494
7873
5427
6388
1627
23
412
7517
6365
8615
6304
2043
7734
9131
6469
6557
2717
7007
6419
1912
5706
8433
3055
6465
9181
7821
4446
7421
517
5860
7399
5010
3733
9178
1398
5359
5552
1809
2875
8269
6776
5531
311
4509
4661
3131
7417
7377
6489
3836
9288
2194
8620
8694
5010
4152
6514
9455
1572
7031
5315
5323
8392
5399
852
6141
757
6403
4302
9983
4671
1077
5513
1333
1937
173
815
9353
3902
7304
9540
3189
5849
8160
8235
7211
2311
4748
3017
235
8130
4683
5557
6522
81
2760
9014
837
9162
3315
7172
185
4391
2684
7869
2679
9209
8684
8384
3110
5987
7923
2650
8187
2434
884
5397
1097
1984
8414
1331
113
3096
3239
2986
9529
5998
2000
6717
1511
5314
3888
1695
6057
2924
9564
8735
2132
4599
7118
5241
585
1393
4242
5123
3826
5126
520
4922
3461
5285
2604
3573
8380
2194
2911
4260
8191
1262
977
6054
6575
4864
4100
8983
7787
3663
4070
6270
8261
7539
7862
5197
8931
2104
320
9109
3581
7191
382
7041
2475
9338
6965
7206
1531
6227
1466
6074
7488
2442
2127
415
3657
6226
9397
1444
6241
3466
7713
853
1005
1927
2402
6287
4030
2721
1747
3962
6263
2129
7354
8737
1466
4318
2294
2996
545
111
5421
4384
2552
7547
4798
6209
125
4195
4004
6365
4012
8068
7217
1368
9994
9618
7655
375
8690
9401
4336
4952
7881
1689
40
5698
2359
8686
5046
9255
8796
466
3638
1348
8013
4788
3908
4489
8982
4263
853
9345
8682
4421
713
5028
391
4719
5402
9080
471
6090
384
8352
4130
6775
4049
6488
5460
5446
2094
4256
5912
2084
1955
276
6871
2214
4764
2204
6476
5616
1548
1509
6388
8612
6536
6778
3330
1938
5858
3801
4379
2593
8504
8508
9367
8904
1348
4827
4350
9793
5434
261
1876
7388
6888
8746
5953
1651
949
8780
3618
8849
288
5
7460
6824
6783
790
5113
2640
942
9491
1584
5797
4350
950
4700
5697
2128
5401
5490
7561
2013
3717
1300
8900
2463
7252
550
9763
2383
4167
4963
2671
4172
2423
5846
7306
9564
958
6297
505
6800
7880
6301
1149
8829
7352
3198
957
2753
5039
4869
4765
8755
2521
3665
7569
6124
566
3684
8507
1085
8646
1177
5256
1068
3374
2561
631
4331
8857
7487
7482
3088
139
4982
1916
3843
8179
9224
2947
9569
445
7711
8324
2965
7727
2244
9088
4645
5927
7594
5729
4573
5122
7336
1992
8495
6248
8975
9177
5104
2813
6658
8191
2952
1640
6458
6794
6170
2034
9740
5739
2478
3802
414
1794
7881
9009
881
8877
1288
4827
4605
5860
9948
1940
4203
4795
8187
9529
3971
9642
2342
6981
4184
5293
4972
6993
8438
1141
9026
4529
3231
7855
4682
9996
9648
8914
9005
6881
7790
292
1707
2394
2503
8006
685
3057
2800
8871
2586
3123
4864
4927
103
9047
6571
5074
6040
1360
2566
1417
2240
5797
9272
6921
2144
8919
2187
7500
2151
9976
4143
3857
2370
2997
8215
9406
6054
7366
8277
4991
488
3140
6269
590
8539
2839
5663
930
550
4581
2346
2789
6729
1617
6061
8872
6888
8247
6372
9038
4575
6866
9247
3296
9863
3813
2701
5916
1178
977
906
1666
469
7174
2255
5359
6364
4270
6288
3265
8850
8633
6053
5578
6602
8465
801
3489
3064
3524
8878
7638
390
8124
933
252
8288
3633
2519
9466
962
3424
1131
7782
6949
9737
3140
9664
4006
9427
2928
9207
4411
5332
1136
1012
148
1937
4500
3211
5460
9730
7200
5849
4205
4484
2452
2493
8117
4970
1958
5430
4745
3088
3211
8045
2824
2702
7708
3182
8480
6987
2388
2890
8670
9876
3902
8818
1812
4753
8380
3623
4482
1932
5824
8687
6415
8275
1179
883
3245
3136
2664
4341
2575
2226
2386
5398
4927
6445
4931
3406
3432
3671
6296
8453
3546
197
7270
1709
4949
2002
5331
5783
285
1154
4469
6699
5781
5647
3934
5377
5134
6597
9717
7708
8823
2102
3105
3749
8547
4388
3507
8330
8058
9802
6782
1603
6350
404
3311
7650
8757
4993
3432
9041
2499
7900
5739
8279
9898
9672
7
5031
6269
9723
9090
1443
8177
8547
1543
3075
2934
5049
1404
991
4850
8185
2593
7551
4940
2255
1553
3696
7247
4984
2736
9745
9236
8475
4375
5485
4498
4381
6868
7118
456
5957
8560
8632
4503
103
1706
7436
1503
9461
4778
2705
3997
3722
255
8937
5976
1807
8984
9575
3143
1720
5671
8730
6546
46
4214
7395
778
1081
4513
1233
3390
9424
6216
7892
5878
4273
1680
7381
3733
6457
85
4082
6531
6691
9370
2506
4850
8353
2080
7992
72
7751
6721
2969
4148
7286
364
4925
4719
4876
2510
8108
651
8725
5999
6529
9350
4030
261
9434
6839
6697
3515
3369
9739
2884
2226
4588
1237
4306
8931
7660
8408
2003
629
8907
9289
992
183
4007
2219
2692
2114
2869
7769
4464
5749
7118
4846
2361
2903
1684
5409
6418
5052
5148
5653
7277
9735
3241
7934
8666
901
2693
668
7881
7951
6308
5224
8134
314
7442
7177
8779
6662
4945
9595
8763
8414
4440
1123
1317
6123
6532
4086
7526
8031
9738
1154
7765
9331
9088
2782
6583
8132
9802
4463
6083
6109
9686
568
2775
3479
7744
1553
6492
9041
1147
5254
3806
5586
2729
5122
8060
5612
5559
1937
3642
1649
3091
7758
979
8530
540
7561
6661
341
8375
9095
2801
4412
9662
5575
7890
7406
7128
733
6446
4626
5987
251
6564
8715
1725
975
678
3635
2912
4319
5283
6002
2076
2613
4531
8967
173
1191
5659
4899
6638
8460
9310
6299
4034
3551
3704
7513
4284
6501
8491
6622
3104
1406
1688
1180
2380
2365
4814
5291
6683
6449
1292
5110
9061
2174
429
5586
9717
6087
484
6354
898
6146
2652
1284
9696
2708
8796
331
5560
3638
6952
5015
5043
4991
6194
7423
7355
7360
9065
389
3808
357
5499
2868
8882
2279
8453
8598
8365
5289
1303
9263
1434
307
546
7481
9366
5693
4164
4925
5683
1115
9940
725
2458
2485
4499
9812
9844
3564
201
3651
272
2051
2871
9153
4329
1323
4103
9045
2963
5405
4659
4396
5711
1556
8229
5076
3601
2392
6353
9283
9858
2644
7
2315
5128
858
2127
4972
4421
8679
4974
4692
729
7844
196
1409
5519
4298
453
8481
6055
5112
9229
1765
3019
3809
3193
6619
6200
9545
5901
2409
2188
2260
4724
3667
3117
3202
4990
3889
1880
9964
8580
8960
4159
8775
368
9677
9425
7172
4510
5479
8635
90
3595
1654
3898
6787
8272
6449
2683
525
8857
1222
2784
3580
4889
2252
3133
6230
6140
5012
6193
4719
323
6704
9845
690
2732
5621
4214
7241
1099
2848
3682
4694
4501
7579
7832
9125
379
515
9649
9236
8088
8784
9167
9328
1035
2300
5558
7174
3663
8102
8244
3986
4805
8088
1027
3889
3709
5240
1129
1159
4440
1163
2204
5292
5093
36
4416
5472
6902
416
4707
4989
9199
3873
669
233
2524
6226
7406
6187
679
5649
172
1836
89
7550
5724
149
2790
6852
7659
7229
4366
9863
2520
9459
9898
3288
4930
6799
3703
5988
8139
2902
6212
8807
9486
8736
1384
6892
1274
2063
8892
7797
3898
5332
5346
9621
1832
8135
2824
9491
1715
7190
9353
587
6648
5602
3874
7929
8752
3928
3916
3242
3181
6479
2049
2667
1566
9784
5910
2839
1846
1153
635
2095
2837
5981
1715
4668
4115
891
510
2182
8080
6214
2768
1079
1815
2993
5359
6918
6920
5626
160
101
2104
2208
2767
3670
8343
8676
6508
189
6180
3495
2283
9016
9475
350
3684
9941
1240
4193
2122
5671
6759
1241
6749
8573
4233
2107
1843
1153
7732
2002
1253
6187
561
371
9856
8903
5398
2716
5443
1577
2562
7726
593
2036
4427
628
8328
5666
1172
6802
1336
7930
8042
4436
2855
2275
2894
4697
9779
625
6698
1031
3163
7258
7753
9371
2512
3150
8438
7955
1078
999
5680
1670
9386
6458
8649
7713
2123
9821
4514
9810
7750
8908
4245
6956
1182
7138
1652
960
4114
8349
8342
3628
1958
2446
2998
4470
5595
1435
2424
3024
2433
4455
4694
8170
912
3342
5883
9386
9514
6748
5547
3616
5655
6143
571
6836
9632
2223
4147
97
6923
8840
3724
8881
1285
6722
9702
3231
4508
8477
6255
3293
2931
7300
1462
194
6993
7344
5931
6507
4092
7829
122
6098
3971
692
9286
3602
2914
3432
3698
6189
8624
7421
5069
6260
494
1122
9491
5002
9598
2097
4646
8880
9396
6107
5425
6388
9803
7707
9246
3894
5535
5719
6343
9505
6411
5628
9458
5676
5412
3155
1864
4035
6927
3284
294
3773
757
6136
5126
354
8232
9771
5585
7627
5877
1009
367
5679
5067
5964
5924
601
1683
2267
105
4445
4246
5914
120
9657
9068
8336
3691
2347
7971
337
6119
8728
6472
7596
5433
4704
7366
1018
8682
9594
8378
9048
1625
3445
5012
7548
397
6694
6166
502
1138
6764
2767
7609
6420
1835
2296
6463
533
6619
6799
3003
5346
3270
598
7130
4325
7963
4499
3007
7556
2877
8406
9180
2673
3417
3080
3069
6462
5597
9922
3951
2360
2689
1560
5132
875
207
1594
7759
6825
8392
761
8522
8013
1358
5652
2338
5672
6502
1696
3227
5730
101
8759
8402
9870
8190
7823
6331
138
4096
282
8850
6784
8193
333
4010
4751
1926
1768
1576
6669
2528
6449
1033
237
2100
9722
5908
4954
1417
5487
683
1518
597
9085
1387
5138
3259
4069
5275
7354
702
476
490
8894
808
851
9997
9085
2619
1572
5753
1498
4372
3138
1735
2824
2859
3994
7777
4276
9480
8459
2145
76
3895
9883
1565
7153
3951
6840
859
4653
3667
7700
9898
827
8550
9894
9911
7520
7817
2016
5370
2189
5153
3456
1364
8011
7449
9140
8638
3281
7598
782
9708
7845
664
1273
1349
967
8112
2207
1971
8130
6258
1868
8956
4808
8114
5219
8679
2282
3586
4048
822
8738
3855
2185
3100
1304
1324
1738
936
5274
8871
643
3118
5887
1915
4466
6853
6378
3025
8823
4508
9282
7042
9815
441
1507
1385
5472
3789
4970
5871
962
3707
9726
3147
3159
7381
822
4896
8316
6095
118
8958
5564
6004
873
6382
9208
7250
9406
4382
8109
5039
1424
7924
1832
9282
9308
7303
9422
4278
3173
384
4336
9250
3530
3846
6630
4351
5093
1297
6798
5211
255
8713
1214
1127
5094
6774
4728
851
1155
2837
2242
8930
7112
4073
8212
6419
7727
7633
7048
7251
8016
7736
6501
7897
1581
9482
8600
6674
779
1749
8236
1033
461
9449
8511
1907
2574
9590
2757
3729
2426
1350
9010
9537
1774
7221
2308
9500
1206
5707
6751
5573
3442
9603
3470
1375
5436
8421
4400
6214
169
2635
3598
6981
8435
8460
8887
1009
8050
7996
1089
6827
9345
98
2716
1119
3671
5023
6970
4876
729
72
6800
523
9674
6621
8249
5110
5041
2648
7675
1561
1634
1273
8542
68
6084
7428
7428
4133
5423
8516
7312
1120
4966
27
8590
8636
1401
5559
9863
8481
5631
6662
9003
1656
9635
3603
6765
4675
6250
792
6236
7883
2064
1129
4303
4499
8556
8082
4984
331
2950
2295
7802
7915
8673
6391
2902
73
1949
2764
8553
3931
5777
3908
5587
5411
7510
8703
6438
3760
9494
9025
7994
7909
153
8648
2408
8708
3082
7391
5390
6031
6037
3191
3945
4709
5933
6846
4781
7882
5961
3333
1812
1737
7240
3750
3500
1102
2453
9937
1213
1946
8961
9206
6207
9113
4206
8614
4172
7287
2356
9562
3317
8392
9104
3613
3100
5037
6810
7880
9270
2770
7564
7433
858
1156
1183
4357
2257
3635
4293
3469
1932
9605
9026
8138
8717
3231
3103
9241
6869
5458
8802
6537
3849
4257
6501
6948
9293
3310
1179
8562
6079
8743
5995
3289
9898
3529
7645
2154
3515
8290
1974
5446
7894
999
9936
2963
582
3038
2203
3802
8496
7356
339
8696
1612
6839
5644
7257
6501
6822
2170
8931
1916
4516
2219
1813
8044
9864
318
1558
4505
2291
3356
2398
3290
3291
1712
223
2680
3914
4024
7527
1269
4362
6223
9233
7553
8218
6489
4053
1391
5010
2983
3307
9526
1554
1471
7569
1417
1789
5479
2273
431
5186
4670
72
4828
6382
294
7507
6647
670
5034
4268
5031
7608
3500
8935
5825
6340
9339
7215
7701
8674
521
7226
227
8344
1147
7995
6484
2977
267
6914
8162
1288
3338
2989
4021
9983
6847
668
652
8232
4935
2035
5839
4786
969
1663
7477
6660
8878
1529
5333
5750
8755
1911
445
6253
6257
6928
9229
6523
194
3742
4162
3531
6730
8183
3513
9928
8850
4165
8160
136
6199
3998
1273
3519
2013
5101
178
7242
6629
5510
9343
5383
3772
9788
7987
28
6715
7215
2902
6908
956
7064
438
4037
5246
303
3965
447
4467
8476
582
7017
2473
8206
535
837
3306
713
8078
6286
2574
7421
8021
2698
7208
6007
2725
274
3222
5627
7182
529
2690
3971
918
4287
4273
1234
4733
5091
9709
1666
2107
8533
9871
2642
9370
9528
9706
3799
5813
8631
1219
3833
1328
4778
9840
405
5052
3061
6031
8585
9941
5072
2555
858
9358
3180
2091
442
8270
8151
2107
377
6684
1977
9370
2405
1504
5427
6203
7316
409
3774
1149
1737
8551
988
2141
3602
400
4523
2186
6692
9594
1093
3902
5303
4272
2344
5744
2541
495
7850
9269
3530
6178
4990
2286
7681
6768
8488
1348
7177
8613
8848
5265
7164
6187
7405
7117
2938
8279
5655
9630
4224
3099
3531
9526
7370
5874
1621
6262
2720
5822
1883
6249
1999
3224
4886
6031
9992
3374
3730
3520
1986
2578
8784
5501
8764
2540
8970
1702
818
4624
7683
5041
4074
1213
918
1443
3438
2538
4056
2510
8359
5938
5110
6709
9162
9996
2739
5505
3369
2820
9024
1706
5397
4159
3559
513
6698
2528
2214
3867
3503
9896
5259
7576
7460
6176
5370
7249
5065
9425
9758
9775
5363
4868
6483
876
4863
5573
6380
4583
8392
1755
2640
141
5913
2550
653
8962
1429
9218
2828
1283
5465
8086
5210
9276
613
579
6524
2029
6356
2634
8155
8070
3853
989
8945
5067
2913
1676
6001
1304
3430
4992
7796
9342
7542
8448
8303
5322
4017
7482
6605
9481
1919
8166
8756
8883
8745
1632
911
1452
4265
9065
9521
4469
6405
4817
9535
9317
6492
5535
6972
9921
526
4768
5614
4419
9567
268
9741
3584
7749
2697
3064
9667
862
8172
4901
5958
9803
5811
7409
419
1227
3281
4887
7631
8097
4421
6947
940
6307
3918
7212
3184
5037
2825
7603
4604
9444
3695
8187
7192
6391
7602
3210
3604
5773
8110
9562
1927
272
3322
2345
7850
6603
7231
5480
1051
8003
8778
8343
661
9048
5554
3845
4084
4731
7799
8687
4174
1493
6873
7718
4235
827
7279
4190
6599
5389
3751
8526
2012
3425
7222
9862
6379
4453
5341
7429
8807
471
2123
9468
9518
7677
9664
3601
8759
7462
2288
9284
5306
5512
3353
5892
2690
632
81
9289
2372
184
4166
4383
3608
1387
4244
9986
2191
5937
3766
7350
6407
5889
3169
2276
9917
2832
5876
8675
293
4515
4310
1950
6379
7663
7841
9068
4646
7921
4708
7017
8104
5225
1399
8063
2964
1995
8048
5154
4283
1814
8855
689
7702
2023
9316
3970
4854
5191
8996
1498
6058
3305
3447
8788
7319
1287
7855
1964
5560
8915
8980
15
4139
6731
8078
7102
8725
6125
8608
3007
4290
7462
47
8343
9485
9362
2312
4338
904
1307
2188
3313
964
5634
2100
8282
3273
6307
246
5184
5221
9225
5198
9359
5955
9627
2813
1031
5752
1420
389
6393
8881
435
4736
4717
6148
7047
5407
3404
4706
7594
6716
5669
3227
5168
3950
2851
1474
4195
8034
6694
9772
3232
2404
2078
2858
1568
9461
4961
2987
9849
7706
8220
284
2441
9288
2783
5839
4694
6186
544
2287
9254
6212
1866
4421
6514
4716
2246
7060
2750
8939
3183
2333
7694
5261
1542
5614
4721
2855
4952
921
560
3171
7556
9352
2459
339
5190
3504
2876
2086
5791
2129
4649
4008
2901
1162
8723
5146
4574
7824
436
7756
6508
4482
3016
8050
95
4088
7256
5046
5009
4167
4569
2564
3518
3379
9254
8707
6882
2130
7144
9024
610
1793
3031
9863
9306
1754
5008
3879
5929
5444
1635
2437
6277
1002
486
6371
1442
4093
7768
6450
8259
2336
5365
8128
5714
971
3186
8948
9452
330
7971
61
2122
1002
9923
1427
2755
1283
1658
5035
3078
3292
7471
9354
645
4308
5724
2086
8400
9843
4887
3010
2179
252
1137
4244
7574
4323
3191
7025
4652
1162
7085
3125
2163
3360
903
1269
4642
2560
6303
7719
5851
3774
7072
6496
4433
9147
8581
2833
5341
3468
5842
7519
71
3331
1763
7644
7653
1305
4668
8656
2466
8104
1780
980
7815
2682
2248
8808
5242
4903
6526
7444
5028
9949
291
9460
5447
5224
8644
788
5043
838
4658
1465
4168
2772
9108
1820
4077
127
6827
6542
4582
8606
7522
8749
1287
6121
7556
2880
7375
4082
6676
2402
382
6966
8214
2181
2189
6857
9320
3583
7694
3977
5047
8213
6749
506
6384
7177
6984
3210
3718
7918
1815
7591
6666
9454
64
4221
8685
7438
4654
5360
6192
5036
2326
757
3568
866
3965
2887
4449
8011
6863
5847
6223
9963
6353
2607
7139
3336
2168
7209
1253
3983
4799
4270
9788
1214
8491
8472
5004
3144
184
7547
4531
8861
8303
8098
9726
2267
984
526
277
4199
2725
2852
4161
9077
5458
7652
8764
7625
4860
6369
7959
6010
638
4098
7224
9128
8922
2227
8624
9105
6125
3154
7965
4427
7604
4042
3045
8587
920
3322
9137
3644
6173
3298
9072
7982
7301
7835
1958
2160
555
9917
8169
1193
366
5392
6672
9287
3970
5295
8391
94
4801
6355
872
2404
6749
3917
7342
7668
3590
2831
7663
6114
2480
6734
447
9780
920
2404
1939
1475
8672
107
2667
9038
1851
5690
8324
2172
7337
3067
2266
2137
5773
9489
892
2521
9757
4585
188
3346
7415
7850
5811
9894
935
6257
9673
1855
8661
7963
3329
7332
8070
2347
2721
6272
8036
7397
8443
5372
463
7060
7508
6235
6549
4751
8756
6305
9336
5295
6003
3102
9497
1813
2996
431
8070
9020
2285
3082
6983
1965
6765
1404
4311
9486
7675
2347
6882
2469
4070
3696
9529
7930
9930
2429
2680
5037
8733
8367
332
1087
1469
9828
2900
816
6610
7321
9835
5247
402
3169
7211
7166
924
1522
3003
4950
220
9884
7419
4289
9931
6947
2218
9861
5727
1250
4897
4459
9616
1580
5546
1084
1407
4797
8251
4369
2117
4438
9615
2518
7606
3177
6035
8530
4698
9038
9831
1269
5273
7249
1910
5204
547
4127
5064
6273
1728
6312
7084
1344
7892
8981
8779
5650
3777
7030
18
2245
1467
5984
1114
5424
9161
7148
305
210
6185
136
1479
1458
3736
9740
6661
4283
218
8076
555
1946
4387
3990
3289
2278
2970
8419
7928
3098
5448
4297
5342
3266
281
6455
8690
5793
9955
5346
6002
6139
5481
3832
3948
9217
3571
6960
9851
3789
5035
6757
2086
5774
747
5374
8051
68
144
2330
3166
1944
2979
4859
5209
9611
7666
250
5403
7620
1948
1404
110
7428
1588
4058
2996
1510
1017
9198
1650
2404
5955
3735
8177
6701
5460
2579
3120
5604
1261
6285
7547
4239
7496
9107
3849
5161
5709
9251
9132
7656
7006
9241
1435
4945
3298
783
6455
667
9980
8104
9422
5934
1839
7598
8986
7298
6528
2106
2901
7788
4742
6799
2026
2237
2258
2226
3749
7966
1476
2880
1973
4834
2121
9759
9778
1770
541
6232
8788
6873
4336
8209
9158
2526
2158
8144
9823
8686
6601
9076
6473
7694
2226
4851
6283
4483
7076
31
2448
8552
2911
772
9737
1383
531
9514
3152
1071
5746
1940
4295
6433
6500
3453
8958
8658
7948
5132
7343
900
4207
167
8593
6433
5017
4875
7267
2093
1258
9715
6996
4168
6838
6732
1902
7368
6245
5053
4791
8342
3344
9085
4774
9844
2537
83
4853
484
5215
8547
1383
5773
8713
6328
8557
82
7554
5824
2174
8811
1890
9169
9330
8727
2252
1231
6095
8496
2636
7237
6838
5979
6321
7963
2174
5210
4398
3378
2045
9612
1924
9780
1736
6989
6107
6645
7070
12
2468
5595
8823
709
1115
4504
9435
3366
2087
1881
1861
4722
9117
5050
7052
1790
9365
5578
6999
3762
8955
9043
9725
879
8822
1460
4219
1280
4456
1288
1292
6923
3234
6466
7631
4348
969
3418
7713
9407
1650
5925
4128
7119
975
7532
8908
6691
3109
2258
452
2063
7652
6528
9293
6474
4339
3511
4105
8795
1150
5396
2069
4383
1861
9700
5082
9182
9469
2794
4940
1118
8719
9068
4588
6045
6599
3495
9087
9707
2104
9538
8121
9756
2417
7414
6229
6755
7276
6685
1901
4778
2081
3970
5512
293
21
594
5826
9489
3387
766
6958
8457
6185
1546
4501
9135
1392
3587
5193
3496
9476
3313
3251
8244
7078
5831
1351
706
2515
3251
5483
947
7220
994
7592
3592
7939
3417
9432
1326
534
2742
6134
3070
639
6987
2204
2030
6925
7396
1877
2753
7061
1479
996
490
3661
2346
1195
2528
5597
3029
3474
9168
375
7417
9112
8313
834
8543
5990
7719
1284
2124
789
1922
9110
9344
304
6034
3092
2180
8786
152
11
6134
6993
3671
8479
4540
6198
427
7568
6024
5947
4294
3440
5058
2607
625
9952
4948
8344
1236
7071
5484
9509
2532
4827
9812
4918
7918
8344
55
4421
8354
6188
1414
2024
1019
5953
4574
7797
9872
6949
95
4166
388
1504
3124
1013
1456
8071
5708
9043
1494
1191
8551
4025
2369
4715
5294
287
3058
1701
4707
1411
4240
2472
9786
5258
4776
711
9407
4648
7659
9501
5165
4399
7357
8288
1763
8812
2710
7470
7854
4203
5012
2756
4580
7380
7470
6225
4018
527
7925
8725
8289
2165
1196
4427
3774
2324
5137
3180
6971
9148
9033
8487
3546
6389
6774
5308
1552
5835
9129
5757
38
492
8512
969
7871
5982
7193
1889
2860
5118
6965
1149
3634
4512
1927
7407
6835
7063
587
157
2562
5971
8643
6107
8711
1768
7766
6614
7603
3246
2370
3992
3737
7233
4960
1608
3214
8504
9848
2426
3621
6812
9926
7254
7675
1852
1013
4510
5266
7951
4666
7828
3921
3309
286
8983
1428
4404
5596
9030
7649
4317
9373
1386
1549
684
9345
1115
9188
5544
3540
9160
8707
9817
2766
6381
1668
3778
890
6933
1728
1908
1112
2000
1568
1398
7334
2995
5801
2929
8377
3449
3597
4101
1186
5145
4785
6882
2611
3972
2425
2502
3131
1131
2318
2248
7512
3985
6025
4753
7270
4104
3012
8381
6103
4579
9778
3436
3926
1930
2716
2302
1731
6312
2754
2916
7809
7538
9798
419
1509
8574
2921
992
9705
5238
3239
3568
5575
5616
8320
2844
9719
1332
1224
2174
2262
7354
5609
6187
9283
4677
4840
1013
988
7594
281
5148
5131
6430
5567
2992
5003
4839
3983
1059
76
3573
4626
2002
5540
9298
4845
5259
6981
6069
7432
9242
3422
9392
5429
9056
4068
6620
69
5056
4213
6701
203
5696
9482
2121
8687
836
6959
9021
1895
3387
8945
2872
5388
4485
2169
233
9743
9149
2653
3526
8391
2426
2917
171
1481
6985
6790
7901
8392
7355
4601
4946
3050
434
7067
8088
1270
377
3460
9516
3763
2404
2387
5503
3240
908
2087
2982
56
4739
2859
4798
7164
5776
1320
8644
9112
4462
6545
3855
1816
7497
8800
1217
4283
2218
5656
5552
2595
9115
5067
2709
7870
3805
4563
1110
4712
6649
443
1120
7739
3302
5917
4902
5429
3589
9898
4540
8050
2794
8394
6217
6642
3545
3785
924
5763
9440
6475
4709
4906
7893
3769
2775
1698
8332
3884
2761
1332
679
3880
9071
3980
6149
324
9408
9737
221
299
4138
9366
5044
354
6008
4940
490
3283
702
9929
6110
1762
1186
4002
5531
3960
2051
214
4196
4812
1545
4874
5043
615
5205
1191
939
964
7279
7511
7614
1416
6877
2657
8121
9236
7596
8610
2518
4650
4890
8627
6411
6075
8981
8293
6387
7383
8506
6934
8546
51
1807
3589
7017
3363
1131
7955
4326
8410
5466
1939
9825
8694
947
4298
7929
4894
2907
446
9543
4149
5425
2306
223
4405
598
2961
8139
5456
9894
6685
1858
8052
6625
8874
1414
7755
3181
5739
6164
4998
4029
2341
3691
4975
6638
1619
9869
5896
8416
5763
6396
192
8068
2971
4596
5018
5931
9087
6825
5825
5771
8682
3876
2395
3907
1642
6501
7087
3732
9017
2084
7761
1357
2126
2735
4346
96
8955
6593
8512
4718
2989
8703
2785
5959
9651
4154
1889
8737
978
4065
859
6011
4293
9605
9918
5934
6105
3356
9665
5121
1792
3777
2829
3917
6512
3526
4013
1818
119
8876
6535
3107
3930
5672
5417
3580
9825
3657
8668
7155
7722
5878
3165
8366
1834
9434
4299
4291
2790
315
9411
4581
4092
8592
4849
6955
2117
5213
8772
8587
4088
1659
1693
8018
7330
3461
7949
3506
7118
6617
7012
4839
8846
6529
3204
680
5962
3854
4970
5103
520
732
6035
963
5675
884
7917
7792
6096
3041
6378
6536
4699
4423
4553
8380
7883
2501
1885
1352
5469
5249
6190
667
1777
5745
1346
7738
5950
2667
2841
6470
9750
5227
7432
5425
6110
1701
9568
8558
4741
5945
5093
5791
6719
5997
4170
954
4849
2406
2305
318
7654
4847
984
9430
6943
8681
3520
9245
7699
2712
2066
7448
7938
5849
2872
400
7549
2439
5309
8641
4736
401
783
7806
2749
1304
8759
7597
3710
7416
7914
7715
8614
5249
3497
5556
281
3368
1152
7979
6079
3217
5427
4016
9066
8298
767
2966
7089
6075
1607
1824
2827
8741
5981
5575
45
4740
3172
106
8507
7437
4172
7120
9038
7668
9027
9318
1035
179
7297
3465
9747
9075
3833
8812
3724
4599
1778
812
674
9736
8987
9852
8476
4968
5427
8520
6059
4950
8625
4565
8738
2797
8036
7775
6816
3414
3445
4203
9944
7093
7667
9691
2519
1499
4854
6242
6098
6631
7054
3123
6366
2392
2974
4842
7359
8400
9713
9769
9701
4690
685
8439
7486
5072
2565
653
8486
2361
4855
4781
5805
2522
823
8323
4020
5677
4565
6469
2307
7970
9591
5025
361
8917
6218
4072
3668
5930
192
3369
619
877
8159
4456
5948
7075
5109
785
9436
6315
1918
1592
8836
2740
9915
9208
8416
4479
2028
7075
8800
1619
2099
9160
535
4668
9583
4202
597
9775
3922
7568
651
8432
2023
2950
5507
3483
87
1294
9798
2004
2885
4985
4743
2799
544
9511
3629
2572
6585
2428
542
5035
7940
7428
9702
7522
7981
6650
7296
1903
4217
4298
334
2592
3600
2192
2426
3686
3485
8575
5689
6370
9912
6783
5520
455
6293
9149
9378
9229
7928
9919
615
5867
3698
316
3389
1679
3318
7036
9933
3886
7686
6618
6477
1285
8810
5255
4970
8646
3829
7010
1367
3740
3792
3239
547
6437
2387
9924
2017
6666
6195
2632
2533
9892
9299
2273
7922
8968
9308
4206
2854
6993
824
9330
4629
5985
4584
9598
4630
4765
2959
2349
8504
3103
5587
5402
9539
4325
5326
7907
990
7872
6890
9874
7763
6189
2146
2037
5156
7806
6242
4361
1150
3417
3691
5779
9401
4626
1728
383
5742
4687
2731
598
7789
4669
5999
3679
8993
1324
7937
6334
9195
4827
6208
3310
7367
8353
5346
8874
6158
7939
3235
7308
1356
3277
9438
756
7902
1165
7490
3644
2203
6572
4241
9991
1240
6591
21
6584
4267
7958
2918
3461
9136
5477
3122
6502
181
4819
5375
2691
9110
4961
9998
465
8237
5787
7572
2491
6951
5062
2486
5506
1633
6726
5496
9225
9668
1869
5808
3934
6178
5077
3747
5313
553
6868
8166
734
8039
9892
3424
7148
4853
9773
7612
9441
1911
1535
1931
8861
6596
4416
4366
4581
7493
6214
3805
7161
4434
5964
1094
6963
1041
4840
8627
7945
8060
6792
5030
2450
3035
4805
9597
4239
929
3560
3680
2839
5094
5610
8052
8042
6378
8769
2622
3870
1334
2778
7382
5767
8741
8476
2729
6133
9667
7707
430
4078
850
1811
6527
3885
6616
6123
4475
7544
6034
8154
383
7480
116
8434
5521
6493
7202
4494
6714
8536
7271
4096
654
2363
8923
9735
4848
8589
7441
1629
2667
8291
3439
9193
8527
6406
1668
3001
3950
4053
7507
684
1532
7622
9117
7052
466
2670
7897
7179
7557
1519
7626
8211
3882
6548
4297
5081
1489
8089
3061
4155
6379
6499
9699
1257
2905
7718
4258
3206
1771
8116
3889
3302
5737
9357
6706
2554
2026
954
9732
5935
2473
3710
497
2706
257
4793
7786
1745
2881
7198
2251
5612
3696
1950
6868
2952
9667
7477
2509
7789
5592
6397
7443
7680
5753
4148
233
4131
5101
6317
6417
7573
6378
6913
6630
6634
8057
4415
4731
937
1612
6981
2900
1660
5282
6120
963
1301
9948
3472
9089
1892
6220
6531
9571
1973
7030
6156
2455
8483
8824
8871
2407
5201
5783
9037
8186
3839
9803
2916
1127
7767
6249
379
5778
7882
6498
6740
9182
6445
6563
4623
8336
2783
7505
4259
1107
887
6766
3561
9369
1941
2431
8127
7141
4565
7163
1678
4755
6966
946
2233
4732
7194
2611
509
1427
9108
3600
609
1905
163
1583
240
2945
5439
850
4051
6325
7615
3963
2045
9555
2745
172
3047
7309
7334
4725
8415
651
2022
647
1734
9215
9610
8594
6993
8717
2194
3953
621
8708
5535
7213
8004
974
4414
8406
3650
2029
2368
5695
7935
5112
2218
982
8772
5903
2058
7186
6554
4079
4184
8287
9645
3793
6881
6637
8862
5426
590
5834
4133
2476
3046
2136
9801
7460
541
3451
5840
9260
5497
3774
4371
7714
1107
9494
3616
9516
6679
6521
3594
7214
1160
9590
7359
4392
6227
6220
9817
3168
2053
301
5643
1451
2436
5444
5262
9328
5246
7453
8587
742
7578
9309
4807
8685
8802
4774
8200
1832
7647
8146
5397
8806
7735
2755
3197
313
8974
3013
3480
7379
9665
9123
8829
8452
918
442
7779
6163
7894
2717
3256
5471
8377
4414
507
7178
9187
5059
5361
6833
3204
757
1990
7290
3512
5186
7603
8837
4550
1082
6215
4214
6556
1395
2665
7473
1836
6795
3635
6081
5863
3242
1552
4239
7655
8410
7768
6842
3468
3128
26
6671
237
8368
3961
100
3553
7915
8936
4455
8996
5151
5020
5552
2897
4037
9376
1085
831
3011
7165
6694
6252
5068
7284
3907
3478
5052
7100
6945
4531
3477
9968
1119
1844
280
1218
1749
8194
154
2555
3541
1656
7574
9092
904
1610
8468
1988
8793
7830
9153
1838
433
572
9121
691
4049
524
4142
7346
1407
3971
3665
2525
5814
296
3743
3914
8489
248
6468
2029
8255
4042
7473
9158
2003
2292
1146
795
6473
6650
2632
3257
7221
1753
3948
7622
8628
4441
4967
34
8411
4983
8911
577
5278
2653
4490
118
9252
7310
2146
7506
7703
5970
3015
9705
4613
4160
500
1085
809
9483
4342
8030
7587
4641
5651
6215
5433
6969
2600
3844
8303
1510
772
3580
514
5261
3697
9765
8922
2194
3622
6624
8164
6637
6329
9128
796
3180
213
7957
2662
906
2338
249
1898
4340
2815
7330
7660
5414
7525
5962
3276
8296
9541
3789
9909
9589
3554
8830
1782
7175
1806
6297
163
4486
5425
7311
7665
1989
5267
6678
9246
3956
3278
1143
8295
2444
4824
2306
7858
2349
8267
1133
6996
4159
1273
3256
3747
4826
2086
1880
8353
243
8177
8515
4728
9953
5825
8744
8293
7443
5421
7538
1398
5051
5032
6044
7494
6207
8349
1703
4907
6615
9187
1903
773
460
5158
871
1637
3595
2751
9989
3837
7279
8504
4916
7231
680
3659
1875
8123
5432
9412
9520
6834
4443
1916
4327
649
264
2382
1908
6879
7920
3810
4003
8379
5319
4874
16
8914
3976
6356
9102
1254
1211
4018
4836
1891
4028
6710
6365
5811
6121
2236
2644
6915
4151
3323
3915
4415
5704
5822
7645
3623
5983
1647
8354
1302
2872
4721
6567
6847
1076
5668
4452
8639
6037
9287
529
6417
2348
3245
2227
4820
5480
4871
8086
9631
8193
8353
397
248
526
8041
222
6509
6039
8575
4162
5263
3295
728
8461
723
2747
2913
9361
5136
8551
6241
1552
899
9485
3778
2070
1316
5000
156
7298
3192
8508
7694
9791
9033
2086
13
1893
4477
8587
6054
9739
8234
6781
8199
5308
5880
7463
1020
1015
2366
7260
2566
9616
3096
2695
1685
763
7695
1840
8061
7238
6699
5754
7029
5732
4192
7041
7624
8668
1979
30
8406
6564
6810
2956
1871
9041
6771
9242
55
9136
6501
8972
5103
5948
1667
6787
6711
5713
4979
1123
2950
1677
6876
6330
3760
1067
9722
1384
6086
8053
7765
843
4616
4574
3799
2839
9967
6921
2080
21
2408
4933
5345
7510
7232
3363
4296
294
9075
9274
1416
8376
7303
8292
4706
1062
5710
4427
8797
8148
2479
6561
8990
3447
7487
2788
2637
7453
6060
1068
3825
8467
6000
9169
5976
9584
2531
6624
9877
7957
5897
1293
6333
3199
5936
1038
613
7997
1816
9409
6144
647
5970
5134
445
3456
4273
3081
908
333
4148
1084
8799
6500
253
4775
6083
9135
7750
5959
7092
3646
7251
3424
3197
9538
813
3809
7535
2628
9569
3678
3274
5538
8811
3718
8993
3084
3150
6252
3416
7298
7336
8566
149
3940
9692
6231
9426
7441
8541
2869
7439
2144
2644
6987
1681
3456
795
9215
2436
363
9245
2061
2253
8055
2131
7597
7490
5280
201
7257
8929
3888
5823
9077
7827
1866
1659
3604
5659
200
6473
3097
2343
9116
83
375
8924
7229
9590
1359
3943
5186
3419
6195
3240
5549
3792
7082
829
3992
4338
6109
7879
6512
5186
2057
4730
6844
2012
388
3395
4836
3484
2089
3952
9918
2464
9227
7146
2053
585
7440
3590
4003
3635
6829
5904
3778
262
6732
4121
952
2840
8351
7463
4377
6759
8544
7573
8770
8931
967
3606
8766
3056
3909
8683
5519
3135
2180
3923
71
9620
3864
425
9606
692
6328
3383
7306
3059
3855
8257
2251
8557
2071
2979
5315
615
551
436
5897
7870
393
4663
7277
653
9697
9147
139
8229
9421
209
7848
3284
634
3805
327
6961
7187
7632
6372
7393
2240
4974
5949
4311
7952
7615
1277
4855
8050
7173
9076
4795
8187
6352
5447
4236
1850
5586
2464
1270
2146
6663
905
9131
467
1231
2444
4005
5215
8815
1397
7454
140
3697
8116
4443
1311
9392
9297
5712
6565
4724
506
1103
1075
2305
5338
9276
4242
7801
6897
6387
815
7801
1870
1281
5384
4313
5285
6950
9479
3033
755
9618
6729
8871
4060
4391
4614
9709
103
1178
4432
608
8633
1859
2912
3970
1134
3505
8123
4383
9892
8937
2183
1761
6570
3918
6073
8206
7219
1903
1239
7974
1520
4319
3196
1931
8710
7809
1639
8812
5339
2423
5771
3971
633
5035
4292
8118
8539
2414
2500
8430
7703
1035
6542
624
4952
8966
8829
2171
868
67
6496
8739
4386
9691
670
3095
7499
8660
8258
2837
1082
4028
6807
1714
9062
7451
9832
7601
9864
2331
2382
3918
9717
8924
4541
1021
4241
3370
3191
5109
9788
6038
3847
4173
5728
868
3619
9578
9528
1876
2415
6961
5904
5573
8675
4965
3023
4858
8917
9239
3540
1299
9508
3257
222
4049
4277
814
3770
3819
5922
3557
6208
6121
4082
1935
6988
7700
7864
2867
5928
6630
9828
1831
8555
4854
3147
1577
9711
2064
7167
9602
3362
3027
9210
9935
3427
9838
748
7196
3656
3022
7104
9863
5494
1185
8149
8833
5237
2365
1700
1164
8994
1527
9346
7548
2732
8844
5477
8794
907
8995
8395
620
2021
3957
6906
5447
3794
4006
8994
3802
3379
6098
16
8872
3634
8165
7704
5222
529
9403
2737
5874
7281
2082
3422
12
926
8898
8805
8184
7892
3552
5156
6265
7508
8413
1711
1301
8770
705
5102
2148
3154
1470
1019
3139
9634
5075
8361
6514
4477
1097
8739
8110
9531
2160
4473
6808
7409
3278
1343
1653
3181
2850
7917
7040
1263
5979
4692
32
3035
6146
2180
2540
7615
9550
5679
3600
4624
391
6465
5453
1487
5203
3562
7369
7363
4386
528
1123
4015
1871
2775
7195
4720
7043
4234
2334
3022
8926
2366
2408
5071
897
4948
9037
446
626
2636
1422
1016
9100
6874
8854
4302
6787
6223
8016
1172
3102
9139
5187
4972
8265
8733
6044
1660
9319
8377
4681
8244
742
7088
9666
1638
8387
8702
8436
9012
1337
9857
6379
6788
3082
5233
1089
9868
7807
9105
7391
908
4595
8929
2232
9211
7662
8275
870
6980
6651
1902
1575
3745
5342
7592
1734
3728
2645
169
2740
333
6377
5470
7120
9458
702
8208
5677
4860
3664
3068
2120
4610
8348
4351
3821
6009
8977
4690
9340
1979
6592
914
5723
1933
4857
3809
5660
7501
329
4751
7833
6706
221
4952
2515
7274
9512
4544
8486
9527
7611
605
489
2310
4955
4309
8319
283
5350
7658
2261
8293
4924
4336
225
9780
8144
2237
3633
8472
3339
1465
1529
9911
2769
396
3537
8632
4939
2022
8158
8901
2626
8646
1210
3932
9306
5880
4214
4656
9890
6474
9300
4813
809
9525
944
5304
8113
4576
128
7803
2393
1656
7714
5161
8403
7602
3792
3341
9623
8301
2241
8600
3299
9803
2531
8956
5682
3096
9963
5571
5921
9263
6735
6730
5139
4031
8385
9603
8606
8512
7405
998
6520
1470
2510
4922
9071
2653
4615
5045
7306
3207
3644
604
3009
2526
5911
5043
5621
5874
6965
1542
5136
3700
4623
274
7730
9359
9876
2687
7871
3632
37
742
5102
8898
2015
524
1551
6629
5569
8856
6188
5564
5811
5548
8090
1721
590
62
3946
7555
7955
9081
7606
2577
5706
1687
1936
1933
725
6158
1917
761
6899
7018
6011
5265
3893
7561
1894
5813
2768
8081
1377
4930
3628
5818
3002
570
2231
6948
4476
186
2380
2081
9114
4438
3767
7401
6370
4491
3558
4638
1604
6808
8007
7614
2073
1900
1526
318
4064
645
4750
5440
5574
4729
7609
4927
5298
6192
1874
9773
6377
606
8205
1842
5043
1971
9243
7764
2814
9152
2402
769
5960
408
4734
4384
8659
6259
1053
2723
3255
5802
4514
5180
6882
8475
106
2180
4666
8332
8304
7394
5289
2861
9235
331
4831
8477
4446
3996
7629
3199
1116
9940
9959
5849
675
8617
8459
1727
7691
1713
3880
2205
6892
761
679
3350
9292
1696
8033
3948
9089
3321
6808
8323
3651
7990
3152
4448
8338
780
7647
9453
7071
7605
1654
7745
6221
112
5823
3912
1825
6054
2468
5068
6814
9498
4769
2458
1193
2801
2757
6633
6121
9564
4955
6123
3905
8106
571
2242
5237
8217
8047
2307
5821
9700
6403
8393
9811
8577
8656
7987
4630
1123
9407
7796
6972
4175
6605
4516
3328
9361
1148
9448
5276
2455
5571
9180
6912
6141
7774
2149
709
2172
807
6529
1871
3562
1273
8033
2138
9929
2372
6768
7403
8130
915
727
8656
7519
5242
1983
6879
6390
7783
2154
8844
3353
7685
2107
5845
1810
4255
6553
333
1414
9433
2203
4975
7057
6588
3464
3337
5311
6583
740
9792
7497
7818
8447
5015
3059
6782
8245
9448
4564
6750
4643
4268
787
6750
6464
2596
7356
9368
2929
5121
5152
1483
6447
2208
4422
9911
5545
6084
2845
2636
5875
342
453
4322
1708
3511
1103
6305
9311
2018
3054
305
6285
3840
3406
2748
2788
7114
2115
2068
2234
7266
9902
5033
5825
676
4943
1369
6759
7787
356
8986
4480
7160
9659
2540
671
7113
8844
6333
9130
8249
2989
5414
8441
2747
4513
7580
9860
2979
5999
8445
6596
5900
3477
2420
2927
4771
141
6038
8910
496
5023
3389
7656
1033
2280
4678
8145
1123
7362
7274
5724
6702
9039
4164
9448
3551
1743
9307
2881
7741
7752
9476
9992
7580
8247
9271
2351
8387
5308
1260
5235
6682
1000
2890
7714
3280
3919
5858
754
7632
9483
6477
4333
8521
640
3781
8423
8734
3087
1303
6474
7190
7130
2818
1122
5376
2088
3472
3763
3747
4731
8997
428
2082
8238
4493
5361
8508
350
6115
6139
9832
2591
471
4704
9583
4251
3126
8316
3690
780
1142
7231
4261
311
8352
9636
2398
8175
9750
6144
9257
5098
2923
1339
9687
7415
3051
8194
4116
9165
684
299
8108
1155
5002
4042
1757
4479
8709
1798
5258
9850
5381
9518
6512
3732
5505
8909
8259
1607
1404
3867
6704
4326
5205
2743
8092
8256
936
2207
3772
1620
2505
1879
9126
3858
2272
7234
8336
981
9032
3593
7182
4412
9462
3694
4495
1319
8954
9105
2925
358
2972
5980
1035
8176
8722
9127
2783
6010
7685
6555
3981
190
4785
3106
4047
7057
6691
2383
8037
5722
2327
1570
6485
8141
5263
980
5811
4217
84
8735
926
3055
4714
8312
7583
9788
7438
365
5797
1475
3271
9777
1664
8056
9234
2062
1464
5924
796
5852
7998
9475
7421
4482
3967
2684
1813
9777
3252
1897
4863
4177
1303
5928
2488
8885
5715
6278
5602
7863
7752
8872
7639
5767
3279
3224
4180
4742
5500
4976
593
3497
802
8014
4330
4768
7049
6143
896
300
4391
5758
828
5693
1685
3315
930
7400
5944
6531
5262
47
1754
9253
2165
5033
8828
6345
6126
4327
7672
3071
4175
8473
1084
8505
9592
4484
999
487
4783
5389
2596
5610
1081
4280
5276
2010
8031
7572
4892
9645
7618
2998
8897
9783
8030
7724
6127
507
8403
150
3577
8929
8622
1012
3785
4565
5495
4783
1403
6629
171
3998
8590
7604
8277
3866
5965
2660
1437
7209
2304
5406
206
1200
5188
4587
5275
7666
5093
29
4167
5022
8958
9140
6033
2742
3704
7880
3877
5106
860
399
5455
9450
8002
3732
3315
319
2743
1103
7527
5046
6508
7732
6245
8048
2318
7871
2065
3762
4252
6232
8783
3209
5371
1168
2302
9075
9047
2530
532
9906
2929
5987
9355
7282
6070
9021
7600
8812
6475
5126
3857
2983
9209
6453
7382
7878
675
9446
1640
4926
5677
422
4486
7400
7941
3140
2826
6987
5669
3357
3245
8597
5695
8951
2231
8116
4324
9830
3279
798
1308
3487
132
516
6291
7513
4746
6966
6959
6385
8243
8987
3158
9081
6386
7451
2220
9211
789
4240
8920
4033
9189
966
9336
1419
9082
3659
1248
8712
808
8907
2199
940
5775
8489
8452
520
1806
5410
3256
6401
749
2765
5481
7134
215
4052
2697
1004
4643
1616
1388
3831
2581
723
5249
8014
733
2849
6726
7893
1755
5276
8832
7529
116
3635
8048
8274
5397
7655
4674
6145
420
6506
3278
6986
6909
2326
7989
1551
3941
5729
5382
2874
2803
6982
7239
3536
9830
3964
7780
7937
5591
6611
5465
5707
245
9865
3980
5641
3871
8653
8137
4290
1510
7767
1276
8418
92
5616
6320
385
1344
8053
3258
4147
5035
496
4034
1216
812
1813
5504
6402
4775
969
2108
1371
7185
2439
7012
1055
7443
5148
1697
8952
2914
9324
3721
9358
1291
41
9742
2635
8093
2999
3133
9479
9846
3518
7047
7009
5330
2550
9763
6456
9870
8222
7826
3406
661
1189
813
8103
2689
2509
3407
1954
8184
7127
1311
9474
3519
1052
8460
7964
402
1592
3794
6600
1461
840
9960
6790
3390
9722
9597
9611
7944
7423
3017
4956
8611
3829
9410
7651
2689
2816
9605
872
9943
915
6697
9813
8319
1509
7776
5072
9452
1570
1671
913
8761
1631
7702
8502
7704
7299
8113
1999
1073
7481
6954
6035
1309
6364
3686
349
5531
3290
7572
5473
556
4268
1638
8874
5776
5765
3946
5228
7334
1968
2492
2447
9950
193
948
7654
3843
5412
9652
1267
2892
2958
7302
552
5673
987
7252
1203
4276
4823
3028
4831
5443
4665
57
7570
429
354
9149
4115
2321
1640
6561
8623
8185
3860
6276
2027
5624
2279
3294
4867
1588
6947
5419
7260
7933
9022
8463
2208
3845
1490
3390
9287
2506
9798
3208
2934
151
2357
3400
8824
3996
6312
7446
2180
172
73
559
2147
8703
204
7013
291
7150
8783
3902
1434
7805
2364
9993
1649
205
9734
7287
2710
9532
494
1996
6034
9202
5395
1209
3198
1707
5006
1729
8230
5078
8639
376
133
5194
7388
6775
8695
6171
676
128
327
3040
6472
1975
9596
6206
5613
2306
5737
2458
653
8122
1660
6047
9331
1209
4105
4336
9289
8686
9414
4280
9061
5898
9473
2801
2672
4520
5323
3347
999
5649
2738
7471
3975
2334
28
9587
991
5764
2044
1643
3885
55
4041
9567
1263
8146
3903
552
6831
9668
1183
2244
5565
7007
5044
4588
1526
6718
7934
8877
2366
7024
2699
6340
9357
2726
2278
6699
4841
4321
4693
5077
728
8733
4644
1990
3230
8546
8893
6413
8213
75
5008
129
7082
6403
4716
4959
3120
2649
187
5485
6024
2885
8176
1732
5610
453
8430
6802
1125
3122
1879
1852
8207
6522
194
7788
5067
9086
552
9631
5513
5559
9759
8946
1961
4474
256
1432
3474
443
3268
9498
9679
1443
1229
1641
8247
6011
8442
5724
9132
320
7575
3690
3193
4120
1478
8259
3206
2029
4241
5070
3940
351
367
5900
4824
622
7332
4650
7416
6951
4147
7095
8394
1727
8735
2992
7737
7176
8715
3221
3848
2642
6910
7040
6761
4739
1651
6318
3120
5891
1387
7059
6242
8105
9310
7417
5079
2993
2066
2494
9944
2564
5940
4689
4291
1026
7680
8379
8202
2747
1599
8401
5388
4861
5440
2148
5951
7090
8466
9070
9333
6204
2480
1926
4309
1790
9342
9387
4782
7760
8232
1077
323
4172
5765
965
5197
9797
9344
9750
2543
942
8150
7930
2154
9942
6429
8105
3383
1246
7174
2715
7450
9654
4640
8110
7795
334
3848
8928
8093
2079
5
8415
2602
2121
9380
4151
1917
5075
252
811
6016
4754
8740
8170
4695
1521
2626
8077
2766
6151
7144
6567
2156
8135
1028
9950
4820
4875
8878
2912
3306
5234
7679
5907
7354
3410
6409
5623
8484
6661
6433
851
1414
1525
5372
2460
3045
7997
6888
2162
4148
383
8729
6303
8518
9756
2605
3337
983
1482
2601
4288
3067
279
6546
6772
40
2955
2394
8523
5967
8827
9373
3732
351
4745
2543
9747
9093
9430
1908
3240
9813
6988
9543
4682
3096
2147
4370
4078
9980
3322
8365
9398
3600
4910
6169
9991
4216
8563
8513
6534
3741
4238
265
443
8982
2807
189
8074
8589
8448
7666
4753
5436
3560
5786
8531
2058
155
2608
8389
3477
7324
7786
3428
8585
3954
3419
2801
8868
8283
5686
2608
2520
5951
3050
7853
5109
3238
2279
3697
8038
9944
8449
3473
3503
4234
8355
1912
741
7314
300
569
4637
8085
3996
9573
8390
3766
8725
7258
2049
4411
9865
920
6713
2915
8773
1821
2504
1051
5518
6893
994
318
6717
848
904
5071
2759
7996
8736
9410
8564
9724
7494
8911
9297
5883
2677
8021
9492
1077
2431
9357
1996
9143
8623
768
7316
7478
8170
9185
4371
9163
9502
1087
6362
6757
2510
5472
4752
1245
4881
3315
969
8726
8578
265
4609
7606
4637
4100
8682
3420
9808
7029
8914
4782
4149
6229
2260
2318
5413
2982
7833
1267
420
546
8023
2929
6018
2775
526
898
2441
1494
9624
7370
8110
584
4975
9098
1035
8
2517
7195
7037
7783
1976
7537
4011
587
6206
5776
9920
4038
7042
340
4584
5064
9620
6953
4190
6497
4202
2983
4342
177
352
8803
760
5327
7901
8147
5334
6769
5341
8722
4551
3668
2610
4914
607
8816
689
6878
2853
7730
3569
3788
9145
3189
740
9687
6037
1294
2669
379
1470
3020
9181
2230
4698
7081
6728
6384
202
8420
1457
4752
8439
4067
9665
9045
2882
353
5923
2086
4434
9491
2226
3579
9031
9317
3265
5068
610
2285
5446
2080
1656
978
661
6354
4411
3740
9089
4612
2159
545
9363
597
963
5380
5994
196
2084
8268
2282
6518
4110
859
6448
9493
175
6064
912
785
8348
2709
9216
3
3686
6228
2708
8096
9967
1796
2707
2125
8693
8422
9073
9655
153
1418
9851
2236
9685
8484
5105
147
9342
7904
9639
5868
3967
550
6652
8666
3258
2219
8669
3295
8446
7728
1391
8412
5876
449
6888
4568
5222
5961
574
5374
7378
6776
3962
3415
1611
9066
3561
952
3322
9551
6820
7288
100
9823
5954
9709
8394
974
9355
6839
8701
745
5251
4576
7546
2138
5495
2767
4450
2421
4493
1828
9196
8454
1594
807
3871
5154
8110
7192
4704
1281
4480
1155
1104
6785
7215
5849
4110
6569
2687
2810
3666
4289
3738
7563
6427
5584
329
7228
8004
1173
5407
7200
9626
7000
4358
9849
8505
2467
7040
3208
3748
7871
714
1203
4655
4280
7051
8764
7201
6089
7926
7218
378
8015
4780
3156
3598
1460
383
7954
2633
5790
1505
8610
2789
5862
8458
1294
4680
5498
853
8427
3368
7919
5981
4375
8550
9383
9490
5750
5472
3767
2967
5849
1781
4098
5356
1731
5558
5738
9684
8190
1527
1188
6799
668
3401
5257
8313
8080
7106
9165
2859
6825
3435
5191
1199
1985
4574
7041
4086
6397
807
7053
8597
2588
7502
3952
670
3059
9689
6705
7600
7568
4244
751
8235
7644
2359
2899
2075
9464
2063
4933
2640
1850
124
3839
3834
1049
879
7919
7445
1685
1323
6041
624
5177
9992
7645
8235
6032
4349
2187
3599
8592
2937
8185
2587
1647
1083
4662
7462
9498
9594
101
1347
6069
291
1532
7117
1169
5802
4561
9206
3477
6953
6181
8653
6944
3826
6887
2976
8174
5425
2926
3118
4713
1111
5704
6359
8545
6717
172
8042
6311
273
5740
8731
563
7271
2200
8084
3073
3112
3641
6549
65
9821
1553
3360
9998
8439
6335
4524
216
5613
7641
4928
6723
9696
7639
5267
6413
7810
9661
9075
4434
5400
7805
4997
9023
4
9432
8447
3116
3072
1347
9532
2892
2899
2891
9242
7689
5578
3765
7904
1190
1405
2832
4264
7452
6822
5882
3864
4631
5542
9290
9065
7294
3447
413
2668
9802
9844
1114
9269
2915
2460
8800
2158
5358
1691
1399
9398
3620
5163
7302
4809
2919
6485
5424
6723
3306
1305
6938
4288
3199
6228
3352
6844
9674
3764
9511
9475
9959
624
8744
2873
9435
3895
1383
1144
5585
9133
541
5556
648
7842
364
3566
678
2139
6640
335
3444
3578
4623
2994
6157
7974
9837
5830
8090
9347
1656
8048
9970
6751
7273
9404
646
5007
547
2582
4139
7439
8138
4786
1633
4853
4704
2310
6992
1343
2645
6787
1272
7267
9780
7428
1592
9616
9609
6033
5314
1265
433
5283
8015
7705
1038
5012
9063
7936
7594
3201
5374
2083
7987
7006
6935
9042
5668
278
384
8312
7064
1656
1930
3195
5435
9873
9162
5044
5906
4475
6308
6338
6109
674
394
3498
5686
9456
1433
9631
9008
3159
1713
6994
6516
4999
2387
2183
1629
9123
6846
5044
778
5127
8239
2564
5000
7400
7607
905
8227
266
3594
4335
940
3987
4185
2977
9794
1969
8959
8801
5127
7023
2147
7995
2021
4533
6529
3649
3655
9727
8693
784
4853
3283
3348
9852
7034
954
7108
5260
7572
701
5947
8511
4687
6483
7839
832
8451
6797
9633
9930
3819
1779
7924
2191
6311
804
2192
9966
530
7236
749
1735
518
448
7938
3903
7754
5046
5515
5325
2098
1461
187
3137
7943
8025
3968
2745
1173
3600
2674
1343
5378
6949
3533
8041
7753
2076
8006
4634
9311
5106
2720
6180
1906
658
83
9659
2055
5597
4983
4152
3409
5169
3640
7703
9545
7608
447
717
7559
3121
2059
9289
69
1943
7329
4173
371
1686
5159
9681
3143
7878
2213
5048
8535
2295
1058
6941
7891
6040
7445
7651
7560
1084
5353
7104
5043
5799
4172
2602
5271
2582
1890
1692
877
9218
2216
1247
903
7374
7279
397
5252
9491
5445
138
1785
6502
3431
6027
8894
875
3677
2805
1958
5381
9909
3353
7532
432
5954
2802
9366
7843
845
242
3412
3061
1488
666
434
8766
1062
2037
4609
2858
8527
6393
9360
1957
8772
4605
2831
2448
7409
1140
4181
3669
4492
1712
4101
445
865
3466
4639
1710
59
4402
4770
7898
5067
1555
6663
2481
3592
1271
5338
2118
4016
4697
426
2787
5653
3256
1586
3062
747
5766
6730
5239
7477
7182
2035
8342
6999
3026
6403
7057
7427
7524
4954
2494
9078
7969
4974
9021
5591
6663
7490
9606
7712
7915
8744
3364
1170
330
6425
1917
2447
9507
3507
9924
6688
5541
4617
3687
8566
7371
743
2345
4894
2049
4838
3971
17
6163
9344
5607
2825
6833
1565
6888
4748
308
252
5917
637
6676
4185
9436
6182
7691
5711
9222
9584
327
2908
4501
4049
2
6845
8942
2050
8034
9264
2066
4196
8607
7673
3373
5440
5589
260
187
5896
6863
2455
2885
3539
6640
2320
6072
682
8030
5293
265
4708
4552
4766
8756
4554
7962
7697
6603
5996
3312
5021
191
1919
9045
9915
7358
4633
6527
3896
528
3389
6350
9764
3279
2989
8435
9351
23
6464
995
6639
7523
1899
1404
6278
2804
9366
326
9406
1713
3638
778
1903
1908
9822
8170
9265
4454
4696
9512
1334
4436
5861
7449
7715
5202
5884
3417
5224
2347
763
1862
6222
2661
9618
2499
5464
5335
9177
1222
7047
9166
1999
5301
1073
8173
9822
6689
8978
4517
6200
6663
5305
2060
4112
3019
3613
9995
6435
8836
8693
7197
7050
4914
6210
3019
3765
1673
8353
2941
9246
1751
8458
1245
7051
9530
5769
6873
2570
4746
7741
8769
1409
9397
7180
5520
2415
793
1866
8849
5980
6910
2398
9381
1824
8607
2399
1940
6631
751
1232
5877
8853
9689
3473
5904
5570
5593
9128
8139
338
3220
6907
1746
2617
438
3617
1383
7582
1834
6584
9914
8744
8981
9294
6919
3939
1693
8858
6921
8795
6441
9149
7648
6129
8973
9903
1698
4565
5382
9836
4903
8601
3094
3000
7569
9883
2969
8952
7465
4802
5535
7378
3545
867
6671
6815
1157
4715
5672
8077
3510
8464
7226
1157
4592
2550
7411
2641
7115
2792
8828
2017
7744
8273
5016
5313
8156
4336
616
5620
9138
2502
9349
9034
9720
6019
5849
876
7086
7872
5304
595
6336
8881
8103
7279
1431
5513
9920
8545
4656
8747
6913
2399
7020
8280
4063
1527
2616
1030
7146
1753
9883
6494
786
9602
8864
2986
6829
5949
858
8485
2895
3545
3717
7349
823
5147
9213
742
43
3868
5841
6955
2619
9212
1587
6681
738
4202
4063
7883
2306
3945
728
9443
9899
5943
2429
6727
8244
9638
1563
7490
3182
5280
4839
4004
6778
4051
1098
6821
4271
6938
127
6889
6149
1713
9921
6886
2266
3983
1120
4571
4280
8199
4014
4178
493
2794
7256
8736
2431
8819
2578
5612
4098
7416
5967
875
7818
7064
4047
8440
353
4174
5328
2853
2238
1601
9738
4504
5583
7209
9074
6214
1759
9439
391
2252
2232
7647
7339
1014
6465
9916
2977
6914
3683
8944
4140
7853
2359
8187
6292
2712
8712
7972
5564
7301
5924
1654
1804
7858
5214
7230
4072
6973
3020
4462
5576
5252
2108
2914
2617
4924
9182
5594
1837
9216
4537
2329
7068
3247
515
9712
5958
5578
4035
7874
2878
9958
5879
1034
4167
1092
8263
8238
4416
7634
9052
9991
2885
7511
9257
1854
2435
8438
7447
623
4005
8335
2951
1073
1581
9817
7136
3891
5394
7522
1764
4624
3831
3994
5657
7997
5085
271
2587
5853
7904
1638
5843
7141
9148
1451
8994
7934
6240
6440
8557
245
4774
7859
7669
6354
7676
4804
6596
9421
8677
4711
4044
2507
8704
9700
6855
141
9970
9441
5993
4226
7430
8187
1366
6578
9638
359
4511
5877
6798
9419
6121
7923
7278
141
628
4953
1296
7224
4373
9972
1934
4769
8830
6990
4468
5685
7130
790
1477
9474
5015
5259
7660
2732
1836
3649
3090
2698
5878
9887
8469
8350
4161
5746
8491
4788
7050
9786
2011
7774
6110
297
2542
4939
7286
3362
6975
4415
503
4804
3888
1869
62
7899
4600
8249
7900
7689
946
3777
3927
5766
2126
8087
1511
616
9226
8560
6754
1237
2686
2863
1533
5227
7801
8818
4940
1128
9584
5442
5931
9823
3662
5992
7721
8261
4240
1972
2301
1537
5748
6227
7303
7874
665
5165
4841
9891
3725
7946
7479
2762
808
5363
7988
4961
532
9280
6088
115
1073
2018
6289
4735
4361
361
9347
8600
2333
1648
6488
8080
4226
3790
2305
4891
8955
3498
1133
9031
1443
4963
8144
8603
325
6131
3563
856
1762
6002
7322
2835
4371
3610
3921
8731
3970
3267
3682
6302
4914
169
734
9140
311
3038
382
5617
6535
7866
4647
7978
2828
2790
6580
3152
5272
6494
4007
3386
2495
7680
6220
3217
1289
140
1947
5258
9758
1980
7912
4672
2148
8645
3811
2458
1682
544
4426
4569
8409
9072
8898
1236
8213
1829
739
9837
8322
1097
9574
7168
8776
2145
384
64
8636
8682
1673
8393
661
5936
3064
9160
4580
3226
7970
2614
3769
2395
3534
8529
7819
2431
9764
2383
4259
502
8571
2580
1598
8144
6099
373
288
2834
6788
8923
1515
4813
7316
8527
748
379
7686
1680
9957
2007
645
3725
4402
4178
2254
2220
2960
8369
954
7218
5223
9525
6149
6820
7668
2247
3545
4308
5080
6684
3230
2946
7848
6897
1472
4948
7276
5509
6627
3584
7516
3623
3660
1917
4152
2265
488
7111
634
1441
4328
5856
7317
476
9027
1337
9074
8923
5644
4153
5607
5225
7098
9806
2122
4921
4753
9397
429
7731
9332
7944
1353
2991
9860
1856
5256
6699
8966
5889
4492
9645
8096
1808
6472
3474
9496
5545
2397
5139
6049
4355
364
9498
4160
2485
4418
8913
8233
4847
6643
7564
9142
4348
554
5354
6203
5809
2052
1521
8049
2895
